5
CARLOS PEREZ
2005
8
30
CARACAS
CALLE HUMBOLDT
30
1
106
2020
11
21
20000.000000
30
2
10000.000000
0
20
1
101
2020
10
9
29000.000000
30
3
3000.000000
10
4
5000.000000
0
0
4
ANA GARCIA
2000
6
17
VALENCIA
CALLE ORIPOTO
50
1
108
2020
11
22
30000.000000
10
1
4000.000000
20
2
13000.000000
0
30
1
102
2020
10
12
22500.000000
20
5
2500.000000
30
1
10000.000000
0
0
3
LUIS DIAZ
1997
7
7
CARACAS
AV. FRANCISCO
20
1
105
2020
11
11
28900.000000
10
5
5000.000000
20
1
3900.000000
0
10
1
104
2020
10
26
23000.000000
20
3
3000.000000
30
4
3500.000000
0
0
2
MARIA GOMEZ
1995
3
27
MARACAY
AV. VICTORIA
20
1
109
2020
12
14
9000.000000
30
3
3000.000000
0
50
1
103
2020
10
13
8000.000000
10
2
4000.000000
0
0
1
PEDRO PEREZ
1990
12
10
CARACAS
CALLE 3. PETARE
40
1
107
2020
11
22
30050.000000
10
3
1850.000000
20
4
3000.000000
30
5
2500.000000
0
10
1
100
2020
10
12
10500.000000
10
1
4500.000000
20
2
3000.000000
0
0
0
